88 20
42 64 68 81 9 57 53 14 8 67 84 59 0 66 9 59 45 87 53 31 22 7
10 19 15 12 2 21 18 60 59
53 41 6 39 13 41 49 53 14 32 28 24 30 35 46 39 0 58 53 56 12 34 40 36 6 10 29 16 32 8 51 47 41 0 28 33 42 53 45 27 56 49 1 44 22 34 41 2 24 29 5 33 5 1 32 20 12 52 35 67 26
31 2 54 31 61 5 0 47 61 49 8 5 19 43 66 10 12 44 40 64 54 25 19 38 14 40 35 4
25 21 33 28 36 22
29 14 26 30 4 28 1 11 36 2 32 14 17 29 33 28 14 1 22 35 12 10 74 66
11 64 73 24 70 50 4 40 13 32 16 48 5 52 34 11 35 73 0 58 63 48 52 62 68 21 0 61 9 46 17 9 25 66 73 13 66 41 37 61 11 12 55 13 18 9 25 72 65 72 5 48 59 18 61 70 11 23 1 68 35 67 55 67 20 43 58 18
5 55 10 23 4 2 46 28 49 27 33 41 11 18 55 49 33 3 18 3
17 17 3 24 12
19 0 10 7 15 21 21 18 22 21 14 5 15 3
1 14 10 24 12
22 9 21 8 21 17 4 6 19 11 7 16 66 67
51 2 38 31 45 37 59 1 38 55 52 41 0 4 60 43 5 18 24 1 32 14 29 19 12 47 16 33 35 32 54 39 42 38 22 42 29 23 42 50 45 65 4 42 0 9 36 35 4 51 23 14 12 22 16 45 49 24 32 61 21 51 58 21 58 24 44 51 48
29 0 43 5 49 17 27 7 13 0 7 26 18 35 41 23 3 13 40 0 0 38 15 27 2 0 49 41 51 27 7 19 3 31 9 37 43 48 12 20 41 49 19 18 4 49 37 35 85 35
23 24 35 52 23 2 77 36 22 4 41 60 8 23 46 56 42 72 31 18 16 1 6 46 85 2 37 68 40 39 59 23 66 29 48 56 3
17 40 34 15 1
10 50 11
15 48 1 23 43 48 14 42 8 8 45 10 1
6 9 1
8 68 9
51 52 52 16 49 38 31 56 68 16 10
4 12 9 0 10 3 11 6 4 9 1 1
1 75 50
73 26 63 9 57 1 0 41 38 11 71 27 44 67 28 22 54 32 38 51 7 68 53 44 17 67 21 3 46 69 38 56 8 40 26 47 61 50 39 62 66 7 17 23 3 28 42 60 28 0 22 12
22 11 10 9 9 11 3 16 18 3 17 2 15 4
2 11 4 2 66 37
57 53 52 19 26 58 40 51 47 57 5 52 27 15 56 5 28 9 6 34 52 5 11 57 56 41 20 18 26 41 64 32 59 21 3 31 23 29 7
29 26 29 15 0 16 4 2 2
0 2 40 38
9 29 5 6 12 33 12 16 11 31 14 33 20 20 28 5 16 37 35 39 8 28 7 17 6 31 19 38 38 9 19 27 19 8 29 34 39 27 1 2
1 0 54 46
31 37 0 14 26 49 29 19 40 52 13 36 26 6 2 1 54 29 5 4 14 18 33 32 20 32 45 34 54 1 13 42 11 16 22 10 40 10 44 37 14 8 32 17 5 20 14 15
10 9 11 7 7 13 1 4 5 4 9 0 13 14 8 49 43
37 48 17 27 23 16 11 15 27 5 9 42 41 6 39 40 22 21 29 30 6 22 44 47 8 13 34 6 23 41 29 16 2 24 40 41 22 35 43 25 29 41 23 56 12
4 35 37 37 37 6 46 29 19 36 54 33 90 83
6 89 54 48 37 64 86 2 83 50 4 70 59 66 4 61 13 13 6 32 73 29 55 48 18 79 20 52 53 13 15 40 6 90 1 1 20 16 90 63 44 75 89 20 33 72 10 21 14 61 45 43 19 89 31 4 68 72 56 34 67 79 1 19 29 85 13 89 86 40 76 53 86 46 38 27 66 2 2 63 50 52 18 73 23
2 6 17 51 68 73 29 44 58 17 1 48 13 21 53 39 44 31 17 28 48 43 65 84 82
45 3 68 68 27 52 10 84 24 70 0 57 45 48 11 3 24 11 57 56 57 40 42 15 47 28 1 64 51 32 54 54 17 38 41 5 82 75 17 47 39 43 13 70 65 3 1 61 16 13 84 48 61 3 61 56 24 76 43 43 19 49 7 72 82 48 39 10 10 81 77 48 15 38 39 30 83 16 28 49 59 51 40 20
37 9 5 7 39 7 2 25 17 5 14 3 5 25 0 21 17 2 6 23 3 2
0 0 71 64
40 23 27 56 14 10 55 41 39 1 46 37 62 64 22 44 60 66 32 16 7 49 18 36 33 1 19 54 35 62 6 62 25 50 43 31 23 44 34 14 4 54 42 33 6 61 17 3 63 54 28 29 38 47 17 14 33 28 19 5 42 68 54 6 8 2
1 2 14 8
5 14 2 13 13 0 9 9 43 23
12 32 13 35 9 36 7 42 22 3 2 21 31 38 14 31 8 28 10 19 34 43 11 33 26
25 16 22 14 20 5 8 21 25 24 3 17 32 24 6 5 8 6 27 27 6 4 16 26 11 5 12 12
10 7 5 8 8 4 10 7 11 7 7 10 88 70
69 77 61 77 76 79 79 55 47 62 38 39 77 22 54 87 47 21 76 84 77 77 66 34 70 47 81 83 63 49 58 12 46 29 67 60 18 72 79 31 79 82 68 50 51 34 79 77 71 48 72 44 35 48 41 22 14 66 53 49 65 15 21 62 10 70 31 0 76 63 2 3
1 1 2 78 8
71 71 61 61 57 29 37 57 61 18
20 20 45 9 7 36 17 54 42 52 16 7 22 16 32 13 14 8 75 23
24 46 32 68 73 30 9 14 70 11 21 42 20 72 6 14 35 21 1 38 42 0 43 14 9
8 5 9 7 9 12 11 4 9 66 53
10 55 17 66 16 23 18 4 16 11 16 15 2 42 45 26 58 41 12 57 2 2 49 8 7 44 19 45 63 6 32 28 63 10 32 66 27 12 20 20 65 20 39 7 17 9 22 54 64 3 8 6 62 33 8
29 12 17 2 12 4 5 24 79 13
42 48 28 42 77 17 27 27 66 36 7 19 16 36 29
25 20 17 23 13 11 15 15 13 25 23 33 8 1 20 12 36 35 31 31 21 15 1 32 15 20 27 1 18 50 33
33 49 32 30 11 25 17 12 4 21 39 29 30 3 12 28 14 1 18 43 35 21 6 12 17 50 48 44 12 4 24 47 9 24 3
0 8 23 21 21
20 14 11 10 20 8 1 14 19 20 2 12 4 16 21 20 0 0 1 5 11 20 15
18 1 0 14 9 0 15 13 12 17 15 14 10 20 0 30 6
22 29 4 19 27 10 23 23
16 23 16 5 23 23 7 13 2 11 7 18 13 20 19 11 14 2 15 16 8 13 8 87 85
75 80 23 22 17 48 40 54 13 14 57 1 76 58 66 79 39 20 19 30 43 56 28 79 65 84 31 23 11 81 33 33 16 0 53 9 82 31 18 28 70 36 78 71 44 18 2 37 24 74 63 29 0 43 65 75 54 5 36 22 72 58 29 34 6 38 58 23 84 8 68 81 18 18 84 81 0 46 28 60 77 25 71 19 42 48 42
40 37 13 10 41 1 26 39 37 2 46 6 14 20 46 26 45 31 21 2 41 39 8 0 46 10 40 44 27 42 2 38 30 32 9 40 30 31 42 31 1 45 15 3
0 7 3 73 29
12 51 22 71 54 2 58 27 41 1 54 2 70 34 35 43 71 48 25 44 40 70 70 11 58 63 65 59 4 51 39
18 6 16 14 4 27 26 47 43 19 5 38 47 24 45 42 44 23 51 31 35 39 51 27 22 16 33 43 1 40 15 37 48 45 19 45 42 51 0 31 12
28 15 15 21 5 29 13 7 7 13 26 2 26 7
13 11 26 7 12 24 18 11 3
4 2 3 85 12
12 83 82 39 56 31 41 43 66 19 48 60 68 59
8 31 38 47 6 18 38 18 58 40 49 64 0 16 3 59 66 49 30 0 7 44 44 0 40 36 23 7 16 63 43 2 26 62 15 52 38 3 23 2 8 14 30 9 3 7 49 48 10 43 52 37 60 40 18 49 2 7 40 21 13
1 18 12 17 21 7 15 6 10 2 9 0 4 38 6
13 19 4 24 18 5 17 11
8 12 4 16 14 10 1 10 2 17 14 44 18
12 9 18 38 42 33 32 18 38 26 12 43 34 19 16 3 12 26 12 11
4 8 4 7 2 0 2 3 11 10 0 44 28
39 33 44 9 12 11 30 13 42 5 28 17 17 18 15 30 37 16 22 22 41 12 6 43 18 7 15 16 35 4
28 0 5 5 83 65
29 25 44 78 2 40 57 46 60 17 70 33 53 41 37 15 61 44 10 70 23 11 54 59 21 19 60 20 12 41 42 26 25 9 77 12 63 36 7 19 57 37 8 36 67 20 6 55 32 78 38 24 27 64 12 35 23 14 57 48 82 41 19 25 9 7 6
0 0 3 1 4 2 30 19
16 27 21 26 5 13 11 11 26 26 3 24 24 7 11 6 25 28 24 10 10
8 9 3 1 6 2 0 0 1 3 24 25
14 23 0 22 1 10 22 20 3 16 5 15 17 1 7 18 13 10 13 18 12 17 10 12 15 35 25
35 23 19 17 13 15 1 21 12 35 3 16 11 2 32 26 30 33 16 22 12 34 9 3 13 86 55
56 6 79 69 58 28 41 44 40 55 38 49 72 38 33 34 25 1 77 13 27 34 63 81 35 40 10 46 54 76 27 25 24 62 35 83 55 46 3 60 9 63 66 17 63 66 68 36 11 3 84 18 71 51 37 23 2
9 13 70 13
31 70 6 2 46 36 61 68 60 38 41 47 12 5 3
0 3 2 30 20
30 24 14 28 4 11 28 22 4 23 12 17 24 25 27 5 10 5 13 18 54 48
49 3 21 0 46 46 2 31 42 14 8 1 39 43 4 6 48 34 7 23 34 32 32 21 26 34 42 45 37 51 14 10 38 15 37 25 33 4 27 43 12 41 24 5 49 46 25 41 73 38
4 20 41 7 13 23 61 45 6 65 24 65 60 57 33 51 26 63 26 21 46 23 38 66 42 65 22 49 73 64 61 68 34 39 29 23 16 41 50 34
25 4 37 12 39 21 48 15 17 49 15 20 49 25 31 1 1 30 24 11 5 38 29 16 50 43 30 4 29 8 19 14 32 33 3 1
0 74 44
5 67 32 40 62 33 51 51 16 67 66 39 10 24 73 4 10 71 60 61 38 40 10 31 9 19 41 61 2 8 25 17 65 69 66 7 68 39 44 6 10 50 73 15 52 42
18 14 31 1 20 1 47 35 49 50 11 25 52 51 34 24 13 50 41 49 26 9 9 14 15 21 1 41 23 16 43 16 20 22 45 16 51 24 15 19 40 42 1 1
1 53 26
35 49 6 46 6 45 53 53 18 13 45 2 19 6 46 44 22 28 28 17 49 17 0 9 28 34 39 39
3 2 29 22 36 4 24 25 26 32 4 0 2 17 13 27 16 37 1 23 10 0 14 30 38 5 32 15 17 15 35 8 2 15 22 26 23 31 17 49 33
23 28 24 16 29 42 41 7 4 48 1 33 1 44 10 49 41 38 4 22 19 44 9 0 28 26 9 21 0 16 14 6 29 0 0